.Random.seed <-
c(10403L, 10L, 2017794991L, -40181915L, -1855392484L, -608608910L, 
1006540269L, -61064665L, -1074767282L, 891821736L, -1257065301L, 
1145714121L, -353666600L, 847212678L, 635305313L, -2133946125L, 
1380048738L, 1291573716L, -1285313321L, 1451814605L, 685426276L, 
1658471498L, -1381772875L, 2050186511L, -531867114L, 1617441984L, 
-168947069L, -1622720863L, -387239792L, 674487150L, 1133282585L, 
-1596869205L, -738995302L, -927151268L, -1747678625L, 2130932277L, 
-190637620L, 1866690850L, 513209213L, -1736667017L, -625519202L, 
1190079576L, 1190500795L, -383262887L, 1339776232L, -653097706L, 
1407751825L, 489839427L, -1160804782L, 424159460L, -281953497L, 
888246141L, -234724748L, 178093146L, -2116385627L, -1665212737L, 
-1288485562L, -259109936L, 1189135859L, -1914097391L, 1609276736L, 
-2066064098L, -214480407L, -1640666341L, -1343228630L, -476598708L, 
-2094564849L, 1184800069L, -2086486276L, -1087269550L, -1515824435L, 
-630050169L, -155216530L, 1725943624L, -793429173L, 997925545L, 
-1323628552L, -664049882L, -51537855L, 2022111699L, 1403179906L, 
-531753036L, -422310089L, -1365309907L, -818251964L, -757398422L, 
419421909L, 1880430703L, -348333706L, 1010213536L, 31084387L, 
-930921471L, -567939216L, 1757128462L, 355238265L, -797436661L, 
-192606662L, -2098846404L, 1175120511L, 1330672085L, 1507495916L, 
-1572032190L, -410784099L, 2133732119L, -593913218L, -2067838408L, 
-164852453L, -506037639L, -1291536696L, -459714826L, -392558799L, 
-595468445L, -1648872142L, 732104324L, -956820793L, 1726951837L, 
-134875884L, 254811066L, 1688661509L, 1288015839L, 1948526182L, 
1839354352L, -1834877165L, 409649329L, 1870463840L, 777195774L, 
168796297L, 1859448763L, 243620234L, -1132648340L, 1329465839L, 
1120125477L, 1394251484L, 1682345138L, 393002925L, 1975984999L, 
1955356814L, 1704279400L, 1774460267L, -1197248759L, 606323096L, 
-2066282298L, 1051744801L, 746382003L, -698716126L, -2004669932L, 
1270574743L, 1703084173L, 1667888548L, -1218955382L, 297956341L, 
-1318520241L, -816415402L, -1988200448L, -999413437L, 1761207521L, 
-1005715888L, 269116078L, -1403247015L, 1168469611L, -1068022822L, 
1572721820L, 1713782431L, -2118642443L, 163796364L, 2140491874L, 
348766269L, 1365293751L, -601906850L, -1708554088L, -2127703045L, 
1224712601L, 829071912L, -581578026L, 1681528657L, -150611453L, 
-1101869678L, -1607017692L, 1054162407L, -549610947L, -37456716L, 
-10538214L, -1307043739L, -1131032321L, 2029232518L, -1357506800L, 
304214963L, 345124945L, -904707072L, -1246018338L, -875808983L, 
264276699L, 2005967338L, -802141812L, -2092503345L, 1874711173L, 
714811708L, 1459196946L, 1540160269L, 868214855L, -1256142290L, 
-1774357624L, 175611531L, -529936279L, 431307832L, -333689626L, 
462795905L, -2135497709L, 746976194L, -1841173388L, 1189487223L, 
-432145555L, -1860994044L, 1008875306L, -1451375467L, -900304081L, 
-219078090L, -633915808L, -332225373L, 663171009L, -1834751056L, 
-1059565874L, -1166087111L, -1569131957L, -284366854L, -472997124L, 
-1933203649L, -996784107L, -1431864532L, -1353742040L, -2007588806L, 
1056479184L, -1767380372L, -1426781132L, -2130733934L, 1801452896L, 
2011099468L, 1976216032L, 1992966050L, 144248744L, 375977100L, 
-1605995588L, -1696606094L, -1034947600L, 1618165828L, 416568408L, 
1956745274L, -2072625040L, 550105660L, 1411939092L, 1910537922L, 
771161824L, 1369568380L, 1928478928L, -679464030L, 32641576L, 
1557865740L, -345728068L, -1466710734L, 1736412352L, -1415586252L, 
1313494728L, 926914234L, 960946320L, 922778348L, -427185580L, 
-1199386990L, 1993833248L, 1977379788L, -38011680L, -2009929022L, 
-778297304L, -1385100372L, -1705862468L, 1922975218L, 1792255536L, 
2026319780L, 1545471416L, 1068613466L, 536172688L, 1048529788L, 
1439376148L, -972553918L, 670417664L, -854634564L, -836865200L, 
-348310238L, -422322616L, -206116852L, 913248348L, -331695662L, 
1104132608L, -1554103980L, 199189736L, 38960378L, 1005352656L, 
-1917375188L, 957401332L, -107211374L, 728856928L, 616544268L, 
1294761696L, 2092423778L, 1216560808L, -1407019444L, 1946655612L, 
1896478002L, -222306704L, -1585489084L, 2106487768L, -230457478L, 
1581208112L, -1409479748L, -1008082348L, 2078321730L, 807467168L, 
988381884L, -306651696L, -995436702L, 705123048L, 1914397900L, 
-867455492L, -254584334L, 1149499008L, -1604024844L, -1165053304L, 
1855457082L, -229482672L, -1269232532L, 968527252L, 558967890L, 
600668640L, -1076546356L, 1418342560L, -1885001342L, 1268054248L, 
-806362388L, 1900909884L, -154678158L, 949396592L, 1350069284L, 
575545400L, 1185245978L, 1381440720L, 1530616636L, -1570691180L, 
2002661250L, -1374833216L, 2121417276L, 1237612944L, 1811511842L, 
-1104319224L, 2137143948L, -16787684L, 1467232402L, -1478680192L, 
-1346108908L, -892230872L, 968386106L, -949691952L, 2002425196L, 
-624233548L, 1518066706L, -1086172704L, 2057855948L, -262426400L, 
-1166596062L, -269591256L, -1287473652L, -1143151812L, 1981928434L, 
1177779952L, -1082504636L, -833229224L, 559338298L, -1261399568L, 
-672792900L, -324199148L, -86221118L, 1724981344L, -1455315076L, 
1839061968L, 354917666L, 203171496L, 868453260L, 1744633020L, 
1842997042L, 290681408L, 1214535860L, -397030840L, -1786085958L, 
-171068912L, 810589932L, -1229918892L, 768914706L, 1438120352L, 
-18047284L, 309085792L, 1346663362L, -2112683224L, -788071508L, 
-1138766020L, -546980494L, 113176368L, -1312688860L, -107455688L, 
-2131263782L, 214746000L, -1355375876L, 1194529684L, -656863166L, 
-704126720L, -1324575684L, -1137113776L, 1699209378L, 131882312L, 
-995247348L, 1761477340L, 1359659346L, -1748672384L, -1333818284L, 
1753955304L, 998577402L, -375783600L, 1590120236L, -1536033420L, 
1137696658L, 414186592L, -1362045556L, -557905056L, -912513566L, 
-867884120L, -1622761268L, -345359364L, -395488846L, -1605902864L, 
-1912520764L, -1581784744L, -1974962822L, 678117296L, 370726332L, 
21652564L, -113670206L, 2130556960L, -1350776644L, 1033000528L, 
1539502050L, 1159002216L, -1390665652L, 1830634748L, -160507918L, 
760990976L, -1018595980L, 1603037192L, -850594886L, 150005200L, 
-1577273658L, 250173299L, 84275157L, 1857619890L, -1806302848L, 
1678719337L, 2098286043L, -1569831636L, 965979962L, -2134965777L, 
1052906617L, -867195122L, -1090247972L, 1951031629L, -1905378121L, 
-2070190528L, 1401497374L, -1503855125L, -1453588115L, -394207270L, 
401090968L, -11012095L, 34388403L, -1594617644L, 1452045794L, 
410951799L, 69076417L, -688033978L, -1836492156L, 1190192181L, 
236700703L, 930595704L, 1157933654L, -477792541L, 1864446117L, 
-1461608126L, -396826832L, 1785164633L, 1430616267L, -958412484L, 
-1321040534L, 424021919L, -520701399L, 1649009854L, -1019920980L, 
-1457888515L, 1825050183L, -1780126416L, 2061721166L, -734187909L, 
343080413L, -484000758L, 1218993448L, 189895569L, 1649059203L, 
754664068L, -1142021966L, 195174407L, -1861485487L, 2035928022L, 
1937937076L, 1686999749L, 216978447L, 1580995720L, 2011264422L, 
-1363665581L, 1196897973L, 807611410L, 1098165728L, 1175343177L, 
385521275L, -1359290548L, 230963930L, -334430513L, 135597721L, 
1036137134L, 186339260L, -39495635L, -1257191465L, 492564000L, 
2076766078L, 1382945099L, 1353413453L, 557486458L, -1882692680L, 
-1900930719L, 742515987L, -1508315852L, -1250027710L, 1739179863L, 
425793185L, -172574874L, -541544092L, 123892885L, 1910365631L, 
1454760280L, -819802250L, -1944814205L, -2142136379L, 1805487330L, 
2045958480L, -1029420935L, 1438976939L, 33673500L, 1566266954L, 
863949375L, 469575305L, 1972654750L, 192958284L, 177268509L, 
482248359L, -1446048304L, 1781208430L, -843397093L, 1846323581L, 
-245059734L, -1383630328L, -1518109007L, -1767450333L, -439727580L, 
1349116114L, -1996498649L, -1240525967L, -1527848522L, -678078124L, 
-274130971L, -1346657809L, 432392488L, -1424498298L, -10162765L, 
-131485419L, -1505639566L, -1146884160L, -144523223L, -1148068709L, 
-1968023188L, -1355067014L, 249356975L, -1130366535L, 296166350L, 
-684041444L, -1961725299L, 1390525175L, 45133312L, -321861538L, 
